version: 1
creator: callgrind-3.6.0.SVN-Debian
pid: 13308
cmd:  ./pi.g
part: 1


desc: I1 cache: 
desc: D1 cache: 
desc: L2 cache: 

desc: Timerange: Basic block 0 - 778500160
desc: Trigger: Program termination

positions: line
events: Ir
summary: 17452398989


ob=(2) ???
fl=(13) ???
fn=(254) 0x0000000000400560
0 2
cob=(5) /home/lipi/Desktop/PCA/Lesson4/tema4/pi/pi.g
cfi=(50) ???
cfn=(256) 0x000000000040063c
calls=1 0 
0 6
0 1
cob=(5)
cfi=(50)
cfn=(262) 0x00000000004006d0
calls=1 0 
0 6
0 1
cob=(5)
cfi=(50)
cfn=(268) 0x00000000004015a0
calls=1 0 
0 11
0 2

fn=(180) 0x0000000004a20490
0 2
cob=(3) /usr/lib/valgrind/vgpreload_core-amd64-linux.so
cfi=(38) ???
cfn=(182) 0x00000000000004e0
calls=1 0 
0 6
0 1
cob=(3)
cfi=(38)
cfn=(188) 0x0000000000000580
calls=1 0 
0 6
0 1
cob=(3)
cfi=(38)
cfn=(194) 0x00000000000006e0
calls=1 0 
0 11
0 2

fn=(398) 0x0000000004a20718
0 2
cob=(3)
cfi=(38)
cfn=(400) 0x0000000000000500
calls=1 0 
0 818
0 2

fn=(388) 0x00000000004015d8
0 2
cob=(5)
cfi=(50)
cfn=(390) 0x0000000000400660
calls=1 0 
0 18
0 2

ob=(4) /lib/libc-2.11.3.so
fl=(42) /home/aurel32/eglibc/eglibc-2.11.3/elf/../sysdeps/unix/sysv/linux/dl-vdso.c
fn=(206) _dl_vdso_vsym
27 2
+1 4
+4 4
+14 2
+4 4

fl=(64) /home/aurel32/eglibc/eglibc-2.11.3/string/../sysdeps/x86_64/memset.S
fn=(310) memset
44 10007
+1 10007
+1 10007
+4 10007
+1 10007
+1 10007
+1 10007
+2 10007
+1 10007
504 10007
+1 10007
+1 10007
+1 10007
+1 10007
+1 10007
+1 10007
+5 10007
+1 10007
+1 10007
+1 10007
+1 10007
+80 10007
+1 10007
746 10007
+1 10007
+2 10007
+1 10007
+94 10007
+1 10007
+1 10007
+1 10007
1008 10007
+1 10007
+1 20014
+4 10007
+1 10007
+1 10007
+1 10007
+1 10007
+1 10007
+1 10007
+1 10007
+1 10007
+1 10007
+2 10007
+1 10007
-12 770539
+1 770539
+1 770539
+1 770539
+1 770539
+1 770539
+1 770539
+1 770539
+1 770539
+1 770539
+2 770539
+1 770539
+1 10007
+5 10007
+1 10007
+1 10007
+1 10007
+1 10007

fl=(61) /home/aurel32/eglibc/eglibc-2.11.3/libio/fileops.c
fn=(338) new_do_write
513 73512
+2 12252
-2 24504
+2 24504
+15 61260
cfn=(340) _IO_file_write@@GLIBC_2.2.5
calls=12252 1269 
* 514584
+1 12252
-1 12252
+1 24504
+5 12252
-2 12252
+2 12252
-2 36756
+1 24504
+1 24504
+4 85764
-18 49008
+9 24504
+6 24504

fn=(336) _IO_do_write@@GLIBC_2.2.5
502 12252
-1 24504
+1 22704
+2 24504
-1 1800
cfn=(338)
calls=1800 +10 
* 156600
* 1800
-1 9000

fn=(334) _IO_file_overflow@@GLIBC_2.2.5
837 61260
+1 12252
-1 12252
+1 24504
+7 61257
+35 24504
+3 3600
+3 1800
+1 1800
-1 3600
+1 3600
+5 1800
+1 9000
-45 3
+12 3
+9 2
+4 1
+4 1
-1 1
-5 1
+1 1
+4 1
-3 1
+1 1
+3 1
-3 2
+3 3
+1 2
+4 10452
-1 10452
+12 41808
-12 20904
cfn=(336)
calls=10452 502 
* 73164
+9 1800
-1 5400
cfn=(336)
calls=1800 502 
* 180000
* 3600

fn=(290) _IO_file_setbuf@@GLIBC_2.2.5
453 4
+1 2
cfi=(62) /home/aurel32/eglibc/eglibc-2.11.3/libio/genops.c
cfn=(292) _IO_default_setbuf
calls=2 562 
* 124
* 4
+4 2
-1 6
+2 6
+3 6

fn=(294) _IO_file_sync@@GLIBC_2.2.5
899 2
+5 2
-5 2
+5 6
+2 2
+1 4
+17 4
+4 4

fn=(332) _IO_file_xsputn@@GLIBC_2.2.5
1296 20904
+6 10452
-6 62712
+6 10452
-6 20904
+6 10452
+7 10452
-12 10452
+12 31356
+17 52260
+32 41808
cfn=(334)
calls=10452 837 
* 324033
* 20904
+7 20904
+1 31356
+2 31356
+11 20904
+3 20904
+1 83616
-13 41808
cfn=(338)
calls=10452 513 
* 909324
+1 10452
+1 20904

fn=(340)
1269 12252
+2 12252
-2 73512
+2 12252
-2 12252
+2 24504
+11 12252
-11 24504
+2 24504
+3 49008
cfi=(69) /home/aurel32/eglibc/eglibc-2.11.3/io/../sysdeps/unix/syscall-template.S
cfn=(342) write
calls=12252 82 
* 85764
+1 24504
+9 36756
+3 73512
-6 36756

fl=(56) /home/aurel32/eglibc/eglibc-2.11.3/setjmp/../sysdeps/x86_64/setjmp.S
fn=(276) __sigsetjmp
26 1
+2 1
+1 2
+1 1
+4 1
+1 1
+1 1
+1 1
+1 1
+2 2
+2 1
+1 1
+2 2
+2 1
+9 1
cfi=(57) /home/aurel32/eglibc/eglibc-2.11.3/setjmp/sigjmp.c
cfn=(278) __sigjmp_save
calls=1 -26 
* 9

fl=(53) /home/aurel32/eglibc/eglibc-2.11.3/csu/libc-start.c
fn=(244) (below main)
96 7
+10 1
-10 3
+10 3
+54 1
-54 1
+54 1
+1 4
cfi=(54) /home/aurel32/eglibc/eglibc-2.11.3/stdlib/cxa_atexit.c
cfn=(246) __cxa_atexit
calls=1 58 
* 64
+22 4
+3 2
+1 5
cob=(5)
cfi=(50)
cfn=(252) __libc_csu_init
calls=1 0 
* 54
+4 4
+15 2
+9 2
cfi=(55) /home/aurel32/eglibc/eglibc-2.11.3/setjmp/../sysdeps/x86_64/bsd-_setjmp.S
cfn=(274) _setjmp
calls=1 34 
* 29
+1 2
+5 2
+1 2
+3 2
+3 5
cob=(5)
cfi=(58) /home/lipi/Desktop/PCA/Lesson4/tema4/pi/pi.c
cfn=(280) main
calls=1 -35 
* 17452297843
+32 2
cfi=(74) /home/aurel32/eglibc/eglibc-2.11.3/stdlib/exit.c
cfn=(376) exit
calls=1 100 
* 1511
106 2

fl=(54)
fn=(248) __internal_atexit
34 4
+1 1
-1 3
+1 1
cfn=(250) __new_exitfn
calls=1 +38 
* 37
+2 3
+4 2
+3 1
-1 1
+2 1
+2 2
+2 6

fn=(250)
73 1
+6 1
-6 1
+6 5
+2 5
+2 3
-2 1
+10 1
-10 3
+45 1
+1 1
+3 4
+3 3
-35 2
+14 1
+1 2
-32 2

fn=(246)
58 2
cfn=(248)
calls=1 -24 
* 62

fl=(78) /home/aurel32/eglibc/eglibc-2.11.3/posix/../sysdeps/unix/sysv/linux/_exit.c
fn=(428) _Exit
33 3
+2 2

fl=(49) /home/aurel32/eglibc/eglibc-2.11.3/elf/dl-altinit.c
fn=(226) dlinit_alt
33 3
+1 1

fl=(44) /home/aurel32/eglibc/eglibc-2.11.3/string/../sysdeps/x86_64/multiarch/../strrchr.S
fn=(210) __GI_strrchr
26 1
+1 1
+1 1
+1 1
+1 1
+1 1
+1 1
+1 1
+1 1
+1 1
+1 1
+1 1
+1 1
+1 1
+1 1
+1 1
+1 1
+1 1
+1 1
+1 1
+1 1
+1 1
+1 1
+2 1
+1 1
+1 1
+1 1
+1 1
+1 1
+1 1
+1 1
+1 1
+1 1
+2 2
+1 2
+1 2
+1 2
+2 1
+1 1
+1 1
+1 1
+2 1
+1 1
+1 1
+1 1
+1 1
+2 1

fl=(70) /home/aurel32/eglibc/eglibc-2.11.3/libio/iofwrite.c
fn=(354) fwrite
37 161
+1 161
-1 161
+1 161
-1 1127
+4 322
+2 2415
+1 805
fi=(63) /home/aurel32/eglibc/eglibc-2.11.3/libio/libioP.h
984 322
+1 966
fe=(70)
51 322
+4 1127
-10 805
cfi=(61)
cfn=(332)
calls=161 1296 
* 28014
* 644
fi=(63)
985 966
fe=(70)

fl=(60) /home/aurel32/eglibc/eglibc-2.11.3/libio/iosetbuffer.c
fn=(288) setbuffer
38 5
+2 1
-2 1
+2 16
+1 1
+1 2
-1 1
+3 1
-2 1
+2 4
cfi=(61)
cfn=(290)
calls=1 453 
* 76
+2 6
+2 5
cfi=(61)
cfn=(290)
calls=1 453 
* 78
fi=(63)
984 2
+1 11
fe=(60)
51 5

fl=(74)
fn=(376)
100 4
cfn=(378) __run_exit_handlers
calls=1 -63 
* 1507

fn=(378)
37 9
+5 3
+36 3
-32 1
+32 1
-32 1
+32 3
-32 1
+32 1
-32 1
+3 2
+1 5
+33 1
+1 1
-1 1
+1 1
+6 2
+1 5
cfi=(62)
cfn=(424) _IO_cleanup
calls=1 1007 
* 147
* 3
+2 2
cfi=(78)
cfn=(428)
calls=1 -60 
* 5
-19 1
+4 1
-4 2
+4 1
-2 2
+2 1
cob=(1) /lib/ld-2.11.3.so
cfi=(75) /home/aurel32/eglibc/eglibc-2.11.3/elf/dl-fini.c
cfn=(380) _dl_fini
calls=1 +43 
* 1299
* 1

fl=(71) /home/aurel32/eglibc/eglibc-2.11.3/stdio-common/fprintf.c
fn=(362) fprintf
28 110440
+4 70280
+1 10040
cfi=(66) /home/aurel32/eglibc/eglibc-2.11.3/stdio-common/vfprintf.c
cfn=(322) vfprintf
calls=10040 210 
* 7305964
+4 20080

fl=(62)
fn=(372) __overflow
246 5400
+2 5400
cfi=(61)
cfn=(334)
calls=1800 837 
* 244800

fn=(424)
1007 1
+3 1
-3 6
+3 1
cfn=(426) _IO_flush_all_lockp
calls=1 823 
* 95
-59 1
+59 1
-59 2
+11 3
-9 15
+34 3
-36 9
+71 9

fn=(296) _IO_setb
404 8
+1 2
-1 2
+1 6
+4 2
-2 2
+1 2
+1 2
+3 2
+1 8

fn=(328) _IO_default_xsputn
452 30371
+3 60742
-3 91113
+1 30371
-1 91113
+1 30371
+2 40742
+5 41484
+2 31113
+3 20742
+10 20242
-27 30363
+32 40484
-1 20242
+1 1928
-1 964
+2 20242
+2 10121
+2 20242
-2 250
+2 500
-17 500
+5 250
-5 250
cfi=(68) /home/aurel32/eglibc/eglibc-2.11.3/string/../sysdeps/x86_64/memcpy.S
cfn=(330) mempcpy
calls=250 56 
* 10250
* 500
+21 20742
+1 182226

fn=(426)
823 8
+6 6
+1 2
+5 1
+1 1
-2 1
+2 2
+4 2
-4 2
+3 2
-1 2
+1 3
-1 1
+1 1
+3 9
+10 6
+4 3
-2 3
+2 6
+7 3
-27 6
+31 2
+2 2
+4 9
-31 12

fn=(292)
562 10
+1 2
-1 4
+1 2
cfi=(61)
cfn=(294)
calls=2 899 
* 26
* 4
+2 4
+2 2
+1 10
cfn=(296)
calls=2 404 
* 36
+7 6
+1 6
+2 12

fl=(48) /home/aurel32/eglibc/eglibc-2.11.3/stdlib/bsearch.c
fn=(222) bsearch
27 390
+7 468
+2 188
+2 188
-2 188
+1 752
+1 376
cfi=(46) /home/aurel32/eglibc/eglibc-2.11.3/string/../sysdeps/x86_64/cacheinfo.c
cfn=(224) intel_02_known_compare
calls=188 150 
* 1302
+1 376
+2 62
+1 55
-8 171
+14 27
-14 20
+14 243

fl=(65) /home/aurel32/eglibc/eglibc-2.11.3/stdio-common/printf.c
fn=(320) printf
30 3263
+4 1757
+1 753
cfi=(66)
cfn=(322)
calls=251 210 
* 121978
+4 502

fl=(72) /home/aurel32/eglibc/eglibc-2.11.3/stdio-common/_itoa.c
fn=(364) _itoa_word
176 40160
+10 20080
+9 141976
+9 20080

fl=(77) /home/aurel32/eglibc/eglibc-2.11.3/nptl/../nptl/sysdeps/unix/sysv/linux/unregister-atfork.c
fn=(414) __unregister_atfork
29 1
+8 1
-8 2
+11 2
+82 2

fl=(66)
fn=(324) buffered_vfprintf
2222 61746
+8 30873
+20 10291
-10 10291
-6 10291
+6 41164
+1 10291
+9 10291
+1 10291
-8 10291
+5 10291
+3 10291
+4 10291
cfn=(323) vfprintf'2
calls=10291 210 
* 4381786
+6 10291
-6 10291
+6 51455
+1 154365
+12 51455
+2 41164
cfi=(61)
cfn=(332)
calls=10291 1296 
* 1790655
* 30873
+6 82328
+1 20582
-53 20582
+56 72037
-4 61746

fn=(322)
210 102910
+35 10291
-35 10291
+35 20582
1288 30874
+4 51455
+11 20582
-15 20580
2001 82328
1306 41164
cfn=(324)
calls=10291 2222 
* 7016303
* 20582

fn=(323)
210 102910
+35 10291
-35 10291
+35 20582
1288 30873
+4 51455
+11 20582
+11 10291
fi=(79) /home/aurel32/eglibc/eglibc-2.11.3/stdio-common/printf-parse.h
99 20582
fe=(66)
1314 51455
fi=(79)
99 10291
cfi=(67) /home/aurel32/eglibc/eglibc-2.11.3/string/../sysdeps/x86_64/strchrnul.S
cfn=(326) strchrnul
calls=10291 -72 
* 241193
fe=(66)
1329 10291
fi=(79)
99 10291
fe=(66)
1329 20582
+4 72037
cfi=(62)
cfn=(328)
calls=10291 452 
* 202870
* 20582
1997 20582
+1 30873
1288 20582
2001 82328
1333 41164
+4 10291
-4 10291
+4 20582
1809 10040
1337 40160
1809 10040
1949 10040
1337 40160
1949 10040
1337 10040
1949 10040
+3 10040
-3 30120
+3 10040
+61 20080
1383 180720
1952 10040
1383 150600
1952 10040
1383 10040
1632 20080
+8 10040
fi=(79)
99 30120
cfi=(67)
cfn=(326)
calls=10040 -72 
* 231280
fe=(66)
1644 10040
fi=(79)
99 10040
fe=(66)
1644 110440
cfi=(62)
cfn=(328)
calls=10040 452 
* 183040
* 120480
+2 20080
-33 210840
cfi=(72)
cfn=(364)
calls=10040 176 
* 222296
* 562240
cfi=(62)
cfn=(328)
calls=10040 452 
* 462548
* 451800

fl=(45) /home/aurel32/eglibc/eglibc-2.11.3/elf/soinit.c
fn=(212) __libc_global_ctors
19 1
+7 1
-7 5
+1 1
cfi=(46)
cfn=(214) init_cacheinfo
calls=1 490 
* 6062
-1 1
+1 1
cfi=(49)
cfn=(226)
calls=1 +13 
* 4
-1 6
+10 2

fn=(422) __libc_fini
19 1
+17 1
-17 2
+20 2

fl=(43) /home/aurel32/eglibc/eglibc-2.11.3/misc/init-misc.c
fn=(208) __init_misc
31 3
+1 1
-1 1
+1 4
+2 3
cfi=(44)
cfn=(210)
calls=1 -8 
* 51
+1 2
+3 3
+1 3
+2 4

fl=(67)
fn=(326)
27 20331
+1 20331
+1 20331
+1 20331
+1 20331
+1 20331
+1 20331
+1 20331
+1 20331
+1 20331
+1 20331
+1 20331
+1 20331
+1 20331
+1 20331
+1 20331
+1 20331
+1 20331
+1 20331
+1 20331
+2 540
+1 540
+1 540
+1 540
+1 540
+1 540
+1 540
+1 540
+1 540
+2 20331
+1 20331
+1 20331

fl=(69)
fn=(342)
82 24504
cfn=(344) __write_nocancel
calls=12252 * 
* 61260

fn=(344)
82 61260

fl=(39) /home/aurel32/eglibc/eglibc-2.11.3/csu/../sysdeps/unix/sysv/linux/x86_64/../init-first.c
fn=(200) _init
52 6
+6 1
-6 2
+6 2
+17 1
-2 1
+1 1
fi=(41) /home/aurel32/eglibc/eglibc-2.11.3/csu/../sysdeps/unix/sysv/linux/x86_64/init-first.c
-41 2
fe=(39)
+42 1
fi=(41)
-42 2
fi=(40) /home/aurel32/eglibc/eglibc-2.11.3/csu/../sysdeps/generic/dl-hash.h
+2 3
fe=(39)
+32 1
-9 1
+9 4
fi=(40)
-29 1
-1 2
+1 3
+3 1
-1 3
+1 3
fi=(41)
-8 2
+2 2
-2 1
+2 1
cfi=(42)
cfn=(206)
calls=1 -8 
* 8
+8 1
-5 2
+5 1
-5 1
+2 2
+1 1
+2 1
cfi=(42)
cfn=(206)
calls=1 -16 
* 8
fe=(39)
+46 3
fi=(41)
-45 2
+1 1
fe=(39)
+44 1
cfi=(43)
cfn=(208)
calls=1 -58 
* 75
+8 1
cfi=(45)
cfn=(212)
calls=1 -78 
* 6084
+2 6
fi=(40)
-55 1
-1 3
+1 3
+2 4
+1 5
+3 4
-3 1
+4 2
+13 1
+1 2
-18 2
+3 12
-3 3
+4 6
+13 3
+1 6
-18 8
fe=(39)

fl=(68)
fn=(330)
56 250
+4 250
+3 250
+1 250
+11 250
+1 250
+11 250
+1 250
+11 250
+1 250
+2 250
+1 250
+2 250
+1 500
+5 250
+1 250
+21 250
+4 250
+12 250
+2 250
+1 250
+26 250
+1 250
+3 250
+1 250
+1 250
+5 250
+2 250
+1 250
+1 250
+1 250
+2 250
+1 250
+1 250
+1 250
+2 250
+1 250
+2 250
+22 250
+2 250

fl=(73) /home/aurel32/eglibc/eglibc-2.11.3/libio/fputc.c
fn=(370) fputc
38 32400
+1 5400
fi=(63)
984 3600
+1 19800
fe=(73)
42 5400
-3 5400
cfi=(62)
cfn=(372)
calls=1800 246 
* 255600
* 3600

fl=(55)
fn=(274)
34 1
+2 1
cfi=(56)
cfn=(276)
calls=1 -10 
* 27

fl=(46)
fn=(224)
150 752
+3 362
+1 188

fn=(220) intel_check_word
161 132
+1 24
+8 12
-2 72
+16 66
+9 2
-1 1
+28 5
-1 1
+1 1
cfi=(48)
cfn=(222)
calls=1 27 
* 153
* 145
-1 29
+1 29
cfi=(48)
cfn=(222)
calls=29 27 
* 4653
+2 60
+2 28
+14 10
+6 28
-74 56
+2 30
+2 60
-4 10
+79 80
-10 4
-13 2
+2 4
+2 2
+19 16

fn=(214)
490 4
+13 3
679 5
504 1
cfi=(47) /home/aurel32/eglibc/eglibc-2.11.3/csu/../sysdeps/x86_64/multiarch/init-arch.c
cfn=(216) __init_cpu_features
calls=1 53 
* 37
* 1
+6 2
+2 3
cfn=(218) handle_intel
calls=1 254 
* 2126
+4 2
-4 1
+4 1
cfn=(218)
calls=1 254 
* 2140
+2 1
-2 1
+2 2
+12 1
+17 1
-18 1
+1 1
+10 3
+7 1
-7 1
+7 2
+7 6
+6 2
-6 8
+6 4
+3 15
+2 1
+6 6
+7 1
-7 1
+11 2
+27 2
+56 2
+4 3
+3 2
+3 1
+1 1
+1 1
-1 3
-66 7
-88 3
cfn=(218)
calls=1 254 
* 1647
* 3

fn=(218)
254 3
+1 3
-1 21
+1 12
+13 3
+1 9
+8 6
+5 3
-5 6
+5 3
+7 15
cfn=(220)
calls=3 161 
* 2271
+1 6
+3 15
cfn=(220)
calls=3 161 
* 1791
+1 6
+3 15
cfn=(220)
calls=3 161 
* 69
+1 6
+3 15
cfn=(220)
calls=3 161 
* 1584
+1 6
-31 2
+13 3
+1 3
-1 6
+22 7
+5 24

fl=(76) /home/aurel32/eglibc/eglibc-2.11.3/stdlib/cxa_finalize.c
fn=(412) __cxa_finalize
31 1
+17 1
-17 2
+17 1
-17 5
+4 4
+4 7
-4 3
+32 4
+4 7
-4 3
+12 2
+3 1
-2 1
+2 6
-2 1
cfi=(77)
cfn=(414)
calls=1 -51 
* 8

fl=(57)
fn=(278)
30 1
-1 2
+1 2
+5 1
-5 1
+5 2

fl=(59) /home/aurel32/eglibc/eglibc-2.11.3/libio/setbuf.c
fn=(286) setbuf
36 2
cfi=(60)
cfn=(288)
calls=1 +2 
* 216

fl=(47)
fn=(216)
53 1
-8 1
+8 1
+3 1
-3 1
+3 3
+27 1
+1 1
+2 1
+1 2
-31 2
-24 3
+6 1
-6 1
+6 1
-6 1
+32 1
-25 1
+25 1
-26 1
+1 1
+25 1
-32 1
+7 1
+26 2
+5 3
+1 2

ob=(5)
fl=(50)
fn=(230) 0x0000000000400610
0 11
cob=(4)
cfi=(53)
cfn=(244)
calls=1 96 
0 17452299558
cob=(1)
cfi=(51) /home/aurel32/eglibc/eglibc-2.11.3/elf/../sysdeps/x86_64/dl-trampoline.S
cfn=(238) _dl_runtime_resolve
calls=1 30 
0 981

fn=(262)
0 6

fn=(256)
0 6

fn=(268)
0 11

fn=(390)
0 18

fn=(252)
0 15
cob=(2)
cfi=(13)
cfn=(254)
calls=1 0 
0 29
0 10

fl=(58)
fn=(304) SET
162 50035
+1 60042
cob=(4)
cfi=(64)
cfn=(310)
calls=10007 44 
* 9776839
cob=(1)
cfi=(51)
cfn=(238)
calls=1 30 
* 821
+1 40028
+1 20014

fn=(346) MULTIPLY
143 6
+3 2
+1 6
+5 6
+2 360180
+1 320160
+1 80040
-4 80044
+6 4

fn=(300) set_datasets
29 4
+3 2
+2 8
+2 160
+1 280
+1 560
+1 1040
-5 128
-2 14
+14 2
+2 2151
+1 478
+2 9560
+1 16730
+1 45410
+1 38240
-5 7648
-3 719
+13 2
+2 225
+2 50
+2 1000
+1 1750
+1 5750
+1 4000
-5 800
-4 77
+14 2
+2 45
+2 10
+2 200
+1 350
+1 1050
+1 800
-5 160
-4 17
+13 4

fn=(302) calculate
204 3
+3 3
+1 3
cfn=(304)
calls=1 -46 
* 1815
+1 3
cfn=(304)
calls=1 -47 
* 994
+1 5
+2 30012
cfn=(304)
calls=10004 -50 
* 9943976
+1 30012
cfn=(312) LONGDIV
calls=10004 90 
* 3103170772
+1 40016
cfn=(314) SUBTRACT
calls=10004 -45 
* 2660016027
+1 3002770628
+1 40016
cfn=(314)
calls=10004 -47 
* 2659873122
+1 3002770628
+1 3002770628
-8 30014
+11 2
+2 750
cob=(4)
cfi=(65)
cfn=(320)
calls=250 30 
* 127770
cob=(1)
cfi=(51)
cfn=(238)
calls=1 30 
* 829
-2 752
+4 3
cob=(4)
cfi=(65)
cfn=(320)
calls=1 30 
* 483
+1 3
cfn=(304)
calls=1 -64 
* 994
+1 4
cfn=(314)
calls=1 -58 
* 300164
+1 300157
+1 4
cfn=(314)
calls=1 -60 
* 300157
+1 300157
+1 2
cfn=(346)
calls=1 -88 
* 420224
+1 4
cfn=(314)
calls=1 -63 
* 265283
+1 2
cfn=(346)
calls=1 -90 
* 420224
+1 2

fn=(314)
169 100055
+4 60033
+1 60033
+1 60033
+1 60033
+2 1801890495
+1 1201260330
+2 400420110
+2 715503257
-7 1201300352
+10 40022

fn=(280)
193 5
+1 1
+1 3
cob=(4)
cfi=(59)
cfn=(286)
calls=1 36 
* 218
cob=(1)
cfi=(51)
cfn=(238)
calls=1 30 
* 805
+1 2
cfn=(300)
calls=1 29 
* 139426
+1 1
cfn=(302)
calls=1 +7 
* 17443926647
+1 1
cfn=(348) epilog
calls=1 +46 
* 8230731
+1 1
+1 2

fn=(312)
90 40016
+4 70028
+1 110044
+2 10004
+2 20008
+2 325260052
+1 150120024
+1 150120024
+1 100080016
+2 25020004
+2 325260052
+1 150120024
+1 150120024
+1 100080016
+2 25020004
+2 325260052
+1 150120024
+1 150120024
+1 100080016
+2 25020004
+2 325260052
+1 150120024
+1 150120024
+1 100080016
+2 25020004
-28 100110028
+32 20008
+2 130052
+1 60024
+1 60024
+1 40016
-5 80032
+8 20008

fn=(348)
244 4
+3 5
cob=(4)
cfi=(70)
cfn=(354)
calls=1 37 
* 239
cob=(1)
cfi=(51)
cfn=(238)
calls=1 30 
* 804
+1 2
+2 80000
cob=(4)
cfi=(71)
cfn=(362)
calls=10000 28 
* 7480000
cob=(1)
cfi=(51)
cfn=(238)
calls=1 30 
* 821
+1 180000
+1 32000
+1 3200
+1 200
cob=(4)
cfi=(71)
cfn=(362)
calls=40 28 
* 36804
* 40
+2 800
cob=(4)
cfi=(70)
cfn=(354)
calls=160 37 
* 38240
* 160
+2 5400
cob=(4)
cfi=(73)
cfn=(370)
calls=1800 38 
* 331200
cob=(1)
cfi=(51)
cfn=(238)
calls=1 30 
* 805
-10 40003
+13 4

ob=(3)
fl=(38)
fn=(188)
0 6

fn=(182)
0 6

fn=(194)
0 11

fn=(400)
0 10
cob=(4)
cfi=(76)
cfn=(412)
calls=1 31 
0 57
cob=(1)
cfi=(51)
cfn=(238)
calls=1 30 
0 738
0 13

ob=(1)
fl=(18) /home/aurel32/eglibc/eglibc-2.11.3/posix/../sysdeps/unix/syscall-template.S
fn=(52) uname
82 4
+1 1

fl=(17) /home/aurel32/eglibc/eglibc-2.11.3/elf/../sysdeps/unix/sysv/linux/dl-sysdep.c
fn=(50) _dl_discover_osversion
67 4
+2 3
+85 5
-45 3
cfi=(18)
cfn=(52)
calls=1 -27 
* 5
* 3
+12 2
+10 12
+4 3
-2 9
+2 10
+3 4
-3 4
+7 3
-1 3
+2 3
+2 14
+5 2

fl=(11) /home/aurel32/eglibc/eglibc-2.11.3/elf/dl-environ.c
fn=(26) _dl_next_ld_env_entry
31 3
+3 11
+2 78
+11 37
-13 112
+17 1
-14 16
+5 2
-3 2
+3 2
+2 2

fl=(21) /home/aurel32/eglibc/eglibc-2.11.3/misc/../sysdeps/unix/syscall-template.S
fn=(102) mprotect
82 16
+1 4

fn=(172) munmap
82 4
+1 1

fn=(62) mmap
82 45
+1 9

fl=(14) /home/aurel32/eglibc/eglibc-2.11.3/elf/dl-minimal.c
fn=(68) strsep
320 4
+3 12
+2 4
+1 8
+4 16
+5 4
-5 177
+5 240
+2 488
+8 61
-15 185
+18 2
+4 8

fn=(36) malloc
96 60
cfn=(40) __libc_memalign
calls=20 -43 
* 556

fn=(32) calloc
111 8
-3 8
+3 16
-3 8
+3 16
+4 16
cfn=(36)
calls=8 -19 
* 255

fn=(40)
53 84
+1 83
+11 60
+3 20
-3 20
+3 40
-3 3
+3 1
-3 1
+3 74
+4 12
+1 9
+6 21
cfi=(21)
cfn=(62)
calls=3 +3 
* 18
+2 6
+3 6
+1 6
-1 3
+1 6
+3 3
+1 3
+2 12
-3 18
+1 18
+2 72
-31 2
-1 5

fl=(1) ???
fn=(0) 0x0000000000000af0
0 2
cfi=(2) /home/aurel32/eglibc/eglibc-2.11.3/elf/rtld.c
cfn=(2) _dl_start
calls=1 368 
0 91831
0 14
cfi=(37) /home/aurel32/eglibc/eglibc-2.11.3/elf/dl-init.c
cfn=(176) _dl_init
calls=1 93 
0 6589
0 3
cob=(5)
cfi=(50)
cfn=(230)
calls=1 0 
0 17452300550

fl=(27) /home/aurel32/eglibc/eglibc-2.11.3/io/../sysdeps/unix/sysv/linux/wordsize-64/fxstat.c
fn=(100) _fxstat
37 3
-1 3
+1 3
+1 18
+4 3

fl=(8) /home/aurel32/eglibc/eglibc-2.11.3/elf/../sysdeps/unix/sysv/linux/x86_64/brk.c
fn=(14) brk
29 1
+3 4
+2 2
-2 1
+2 1
+7 2

fl=(10) /home/aurel32/eglibc/eglibc-2.11.3/elf/../misc/sbrk.c
fn=(20) sbrk
35 3
+8 1
-8 1
+8 5
+4 2
+11 5

fl=(19) /home/aurel32/eglibc/eglibc-2.11.3/elf/dl-load.c
fn=(114) cache_rpath
688 3
+1 12
+17 3

fn=(66) fillin_rpath
491 16
+4 3
cfi=(14)
cfn=(68)
calls=1 320 
* 282
* 3
cfi=(14)
cfn=(68)
calls=1 320 
* 9
* 6
+3 2
cfi=(9) /home/aurel32/eglibc/eglibc-2.11.3/string/../sysdeps/x86_64/multiarch/../rtld-strlen.S
cfn=(18) strlen
calls=1 29 
* 44
+4 1
-4 1
+4 1
+15 2
+4 15
+1 8
-13 4
+5 3
+26 3
+3 4
cfi=(14)
cfn=(36)
calls=1 96 
* 28
+3 1
-3 1
+3 1
+4 1
+2 3
-2 2
+2 1
cfi=(15) /home/aurel32/eglibc/eglibc-2.11.3/string/../sysdeps/x86_64/memcpy.S
cfn=(60) mempcpy
calls=1 56 
* 31
* 1
+3 1
-2 2
+2 1
+6 2
+1 1
-1 2
+1 4
+1 1
-1 3
+1 3
-1 9
+4 1
-1 2
+1 1
+7 2
+1 1
+3 3
+5 1
+3 9
-14 2

fn=(92) open_verify
1649 66
+36 6
-36 18
+36 21
+21 24
cfi=(20) /home/aurel32/eglibc/eglibc-2.11.3/io/../sysdeps/unix/syscall-template.S
cfn=(94) open
calls=6 82 
* 54
+1 6
-1 6
+1 6
+11 6
-1 2
+1 10
cfi=(20)
cfn=(96) read
calls=2 82 
* 10
* 4
+7 6
-7 2
+7 2
+16 28
+50 4
+5 4
+2 6
+6 4
+7 2
+1 2
+1 2
-2 8
+1 6
+16 8
+15 4
-15 88
+1 34
+4 10
+1 6
+14 14
+2 6
+5 1
+1 1
-13 39
+16 2
+6 1
-3 1
+1 1
+1 1
+1 2
+14 56
-13 1
-1 11

fn=(88) expand_dynamic_string_token
421 7
+10 1
-10 1
+10 1
-10 1
+10 1
cfi=(22) /home/aurel32/eglibc/eglibc-2.11.3/string/../sysdeps/x86_64/multiarch/../strchr.S
cfn=(64) index
calls=1 26 
* 43
* 2
+4 1
+11 6
-11 1
cfn=(90) local_strdup
calls=1 160 
* 173

fn=(54) _dl_init_paths
712 1
+15 3
-15 5
+15 1
-15 1
+15 1
cfi=(7) /home/aurel32/eglibc/eglibc-2.11.3/elf/../elf/dl-sysdep.c
cfn=(56) _dl_important_hwcaps
calls=1 353 
* 357
+4 1
-4 1
+4 1
cfi=(14)
cfn=(36)
calls=1 96 
* 28
+2 1
-2 2
+2 1
+7 7
+4 2
cfi=(14)
cfn=(36)
calls=1 96 
* 53
* 1
+3 3
+29 1
-22 1
+19 1
+3 1
-65 2
+65 1
-23 1
+23 1
-22 1
+22 1
-12 1
-2 1
+3 1
+2 1
-3 1
+4 2
+4 1
-3 1
+3 1
-8 3
-2 3
+3 3
+2 3
-3 3
+4 6
+4 3
-3 3
+3 7
+1 12
+1 4
-1 12
+1 12
-1 36
-11 4
+14 24
+7 1
+4 1
-5 1
+6 2
+2 4
+2 3
+32 4
+8 3
cfi=(22)
cfn=(64)
calls=1 26 
* 34
* 2
+2 2
cfi=(9)
cfn=(18)
calls=1 29 
* 54
* 8
cfi=(15)
cfn=(42) memcpy
calls=1 56 
* 31
* 1
+17 6
+2 1
+1 2
+1 1
-4 3
+2 13
+1 26
+1 13
-4 40
+7 1
cfi=(14)
cfn=(36)
calls=1 96 
* 28
+2 1
-2 1
+2 1
+6 7
cfn=(66)
calls=1 491 
* 528
+4 3
+6 1
-52 1
+58 2
+1 7
-75 1
-2 1
+2 2
+11 2

fn=(116) open_path
1893 8
+1 1
-1 5
+7 1
-7 1
+1 1
+6 1
+5 6
+52 2
-52 1
+52 1
-52 6
+75 3
-63 3
+7 4
cfi=(15)
cfn=(60)
calls=1 56 
* 31
* 1
+1 7
+20 8
-20 19
+3 8
+4 24
cfi=(15)
cfn=(60)
calls=4 56 
* 85
* 16
cfi=(15)
cfn=(60)
calls=4 56 
* 92
* 4
-1 4
+7 8
+3 28
cfn=(92)
calls=4 1649 
* 184
* 4
+2 12
+67 1
-41 1
+41 5
+7 1
-2 1
+2 4
-67 8
+1 24
+79 4
-79 8
+6 8
+3 4
-3 4
+3 12
cfi=(30) /home/aurel32/eglibc/eglibc-2.11.3/io/../sysdeps/unix/sysv/linux/wordsize-64/xstat.c
cfn=(118) _xstat
calls=4 37 
* 49
-1 8
+1 4
+2 6
+7 8
+65 9
-14 3
+10 2
-66 3

fn=(98) _dl_map_object_from_fd
917 24
+11 2
-11 2
+11 2
-11 2
+11 2
cfi=(23) /home/aurel32/eglibc/eglibc-2.11.3/elf/dl-debug.c
cfn=(70) _dl_debug_initialize
calls=2 52 
* 18
+4 6
-4 2
+4 2
cfi=(27)
cfn=(100)
calls=2 37 
* 20
* 4
+11 14
+1 6
-1 15
+1 20
+17 4
+25 6
+9 4
+21 8
+31 6
+3 14
cfi=(12) /home/aurel32/eglibc/eglibc-2.11.3/elf/dl-object.c
cfn=(28) _dl_new_object
calls=2 57 
* 930
+1 2
-1 2
+1 2
-52 2
+63 2
+1 2
-64 2
+63 2
+2 2
+3 2
-4 2
+1 2
+2 8
+1 6
+1 4
+22 2
-17 2
+17 2
+8 2
-8 8
+8 4
-8 2
+8 4
-8 2
+8 4
+89 2
-89 2
+42 2
-42 6
+42 2
+47 6
-88 28
+6 4
+1 8
-8 128
+1 99
+60 3
+4 1
+1 2
+1 3
+4 2
+3 2
+4 4
+6 1
cfi=(32) /home/aurel32/eglibc/eglibc-2.11.3/elf/dl-tls.c
cfn=(126) _dl_next_tls_modid
calls=1 51 
* 8
* 2
+1 1
-67 20
+6 24
+8 4
+1 4
-1 4
+1 4
-1 8
+1 4
+1 28
+2 12
+1 12
+1 12
+4 4
-4 4
+4 10
+5 16
+11 2
-11 16
+11 2
-46 2
+1 1
1241 2
+1 3
-5 4
+1 2
-70 4
+78 8
1063 2
1259 4
1063 2
1259 8
+2 2
-2 2
+2 2
+19 16
cfi=(21)
cfn=(62)
calls=2 82 
* 12
+4 2
-4 2
+4 4
+7 6
+1 2
+2 2
-2 2
+2 2
+10 4
+35 12
+1 6
+2 8
+7 16
+6 2
+2 2
-2 2
+1 2
+2 4
-1 8
+8 4
+3 4
+11 16
cfi=(28) /home/aurel32/eglibc/eglibc-2.11.3/string/../string/memset.c
cfn=(104) memset
calls=2 32 
* 200
+1 12
+5 4
+15 4
-73 20
+4 4
-2 4
+2 20
cfi=(21)
cfn=(62)
calls=2 82 
* 12
-2 4
-29 14
cfi=(21)
cfn=(102)
calls=2 82 
* 10
* 2
1404 2
-77 2
+77 4
+9 2
fi=(3) /home/aurel32/eglibc/eglibc-2.11.3/elf/dynamic-link.h
113 2
fe=(19)
1413 2
fi=(3)
113 2
+6 2
-2 2
+2 4
+7 2
+5 2
+3 2
+1 2
-3 2
-5 4
-1 40
+1 24
+10 8
-18 24
+18 2
-18 6
+2 84
+8 32
+8 32
-18 96
+25 6
+20 8
+1 8
+1 8
+1 8
+2 8
+5 8
+1 7
+1 8
+6 6
+5 4
+7 4
+1 8
+16 6
+5 1
+2 1
-2 2
+2 1
+2 2
+2 2
+3 6
+2 2
+2 2
+3 4
fe=(19)
1419 6
+16 6
+19 4
+2 10
+51 6
+1 2
+3 2
cfi=(20)
cfn=(108) close
calls=1 82 
* 5
* 2
cfi=(20)
cfn=(108)
calls=1 82 
* 5
* 4
+8 4
+3 4
+2 2
-2 2
+2 2
+16 4
cfi=(6) /home/aurel32/eglibc/eglibc-2.11.3/elf/dl-lookup.c
cfn=(10) _dl_setup_hash
calls=2 847 
* 58
+4 4
+1 4
+17 4
+4 2
+5 2
-5 2
+1 4
+4 2
+6 6
cfi=(12)
cfn=(44) _dl_add_to_namespace_list
calls=2 34 
* 52
+5 2
-1 4
+20 18
-38 2
fi=(3)
128 8
+3 8
+3 8
+1 8
fe=(19)
1344 3
-2 2
+3 1
-1 1
-2 1
+3 1
-3 1
+2 1
+1 6
+2 4
+42 8
cfi=(21)
cfn=(62)
calls=1 82 
* 6
+3 2

fn=(84) _dl_map_object
2042 33
+7 3
-7 6
+7 3
+1 6
+3 18
+12 12
-12 18
+5 21
+1 14
+2 21
cfi=(26) /home/aurel32/eglibc/eglibc-2.11.3/elf/dl-misc.c
cfn=(86) _dl_name_match_p
calls=7 301 
* 487
* 14
2331 27
2085 2
-1 4
+10 2
-1 4
+26 4
-2 2
+2 2
cfi=(22)
cfn=(64)
calls=2 26 
* 53
* 4
2260 2
+1 4
cfn=(88)
calls=1 421 
* 238
+2 1
-3 1
+3 1
+4 9
cfn=(92)
calls=1 1649 
* 191
+3 1
-3 1
+3 1
+11 6
+3 4
+44 2
+1 14
-1 2
+1 6
cfn=(98)
calls=2 917 
* 3002
* 4
2084 4
+39 2
cfi=(9)
cfn=(18)
calls=1 29 
* 32
* 1
+2 1
-2 1
+2 1
+7 4
+35 3
+1 15
cfn=(116)
calls=1 1893 
* 756
+6 1
-6 1
+6 1
+80 2
-80 8
cfn=(114)
calls=1 688 
* 6
* 2
+7 4
+6 2
cfi=(31) /home/aurel32/eglibc/eglibc-2.11.3/elf/dl-cache.c
cfn=(120) _dl_load_cache_lookup
calls=1 182 
* 1147
+2 1
-2 1
+2 1
+4 3
+14 2
+22 10
cfn=(92)
calls=1 1649 
* 227
+3 3
+2 3
cfn=(90)
calls=1 160 
* 131
+1 1
-1 1
+1 2
-94 1
-5 2
+5 1
+3 1
-3 1
+3 2
-3 1
+3 11
-3 3
+1 6
cfn=(114)
calls=1 688 
* 6
* 2
+9 3
+5 5
+1 5
-1 7
cfn=(114)
calls=1 688 
* 6
* 2
-90 6
-1 12
+4 2
+2 2
-2 4
+2 6
cfi=(16) /home/aurel32/eglibc/eglibc-2.11.3/string/../sysdeps/x86_64/multiarch/../strcmp.S
cfn=(46) strcmp
calls=2 63 
* 21
* 6

fn=(90)
160 8
+1 2
cfi=(9)
cfn=(18)
calls=2 29 
* 136
* 2
+1 4
cfi=(14)
cfn=(36)
calls=2 -66 
* 56
+2 4
+3 4
+1 4
-1 2
+1 2
-1 2
cfi=(15)
cfn=(42)
calls=2 56 
* 78

fl=(22)
fn=(64)
26 6
+1 6
+1 6
+1 6
+1 6
+1 6
+1 6
+1 6
+1 6
+1 6
+1 6
+1 6
+1 6
+1 6
+1 6
+1 6
+1 6
+1 6
+1 6
+1 6
+1 6
+2 4
+1 4
+1 4
+1 4
+1 4
+1 4
+1 4
+1 4
+1 4
+2 6
+1 6
+1 1
+1 1
+1 1
+1 1
+1 5
+1 6

fl=(24) /home/aurel32/eglibc/eglibc-2.11.3/elf/dl-error.c
fn=(128) _dl_receive_error
198 10
+1 1
cfi=(2)
cfn=(78) _dl_initial_error_catch_tsd
calls=1 799 
* 2
+5 1
-1 1
-4 1
+9 1
+2 1
-3 1
+3 1
cfi=(2)
cfn=(130) version_check_doit
calls=1 663 
* 2253
+2 1
+1 1
+1 8

fn=(76) _dl_catch_error
160 21
+9 3
+2 3
cfi=(2)
cfn=(78)
calls=3 799 
* 6
* 3
+1 3
+2 6
-2 3
+2 3
cfi=(25) /home/aurel32/eglibc/eglibc-2.11.3/setjmp/../sysdeps/x86_64/setjmp.S
cfn=(80) __sigsetjmp
calls=3 26 
* 57
+1 3
-1 3
+1 3
+2 6
+1 3
-1 3
+1 3
cfi=(29) /home/aurel32/eglibc/eglibc-2.11.3/elf/dl-deps.c
cfn=(112) openaux
calls=2 62 
* 4636
cfi=(2)
cfn=(82) map_doit
calls=1 631 
* 2164
+1 9
+1 3
+1 3
-1 3
+2 3
-1 3
+1 3
+10 12

fl=(35) /home/aurel32/eglibc/eglibc-2.11.3/elf/dl-reloc.c
fn=(148) _dl_relocate_object
158 24
+10 8
-10 12
+14 4
-14 8
+14 4
+1 20
+6 8
+6 12
+4 8
+8 12
+45 4
fi=(5) /home/aurel32/eglibc/eglibc-2.11.3/elf/../sysdeps/x86_64/dl-machine.h
96 8
fe=(35)
242 8
fi=(5)
96 4
+39 3
fe=(35)
268 93
fi=(5)
+27 3
fe=(35)
-27 3
156 3
fi=(5)
295 3
fe=(35)
156 3
268 3
fi=(4) /home/aurel32/eglibc/eglibc-2.11.3/elf/do-rel.h
59 3
+6 3
fe=(35)
268 3
fi=(4)
65 3
-7 3
+7 3
fe=(35)
268 1
fi=(5)
+27 1
fe=(35)
-27 1
156 1
fi=(5)
295 1
fe=(35)
156 1
268 1
fi=(4)
59 1
+6 1
fe=(35)
268 1
fi=(4)
65 1
-7 1
+7 1
fe=(35)
268 4
fi=(4)
59 4
+6 4
fe=(35)
268 4
fi=(4)
65 4
-7 4
+7 4
+3 11
fi=(5)
476 3
-1 6
+4 6
-3 15
-1 30
+4 30
+2 54
+1 18
fi=(4)
68 54
+59 8
fe=(35)
268 36
+3 12
+40 4
+3 8
+17 8
+1 4
cfn=(162) _dl_protect_relro
calls=2 +8 
* 50
* 2
+1 32
fi=(5)
135 6
-39 6
+6 6
+4 9
+13 3
-8 3
+8 6
+13 3
+3 3
-3 3
+3 9
fe=(35)
+51 12
+82 9
fi=(4)
75 4
+2 4
-2 8
+1 4
+1 35
+14 3
-12 3
+12 7
-12 1
+12 2
+10 8
+10 12
+4 3
+2 3
-2 3
+2 3
fi=(5)
296 9
fi=(4)
119 6
+1 3
+2 6
-2 3
-1 3
fi=(5)
267 3
fi=(4)
119 3
fi=(5)
270 3
fi=(4)
119 3
+1 9
fi=(5)
270 3
fi=(4)
119 186
+1 93
+2 186
-2 93
-1 93
fi=(5)
267 93
fi=(4)
119 93
fi=(5)
270 93
fi=(4)
119 93
+1 279
fi=(5)
270 93
+18 192
+7 2080
fi=(4)
120 152
fi=(5)
295 228
fi=(4)
120 76
fi=(5)
295 322
fi=(4)
120 12
fi=(5)
295 18
fi=(4)
120 6
fi=(5)
295 1008
cfi=(6)
cfn=(154) _dl_lookup_symbol_x
calls=82 702 
* 52164
* 328
+1 288
+4 94
-4 188
+4 282
+9 192
fi=(4)
117 4
fi=(5)
309 384
+85 84
fi=(4)
117 168
fi=(5)
394 84
fi=(4)
117 86
fi=(5)
377 30
+4 30
+5 20
fi=(4)
117 10
fi=(5)
386 20
fi=(4)
117 20
fi=(5)
327 2
+1 1
fi=(4)
117 1
fi=(5)
328 1
fi=(4)
117 2
fi=(5)
430 3
+4 5
cfi=(15)
cfn=(42)
calls=1 56 
* 18
+2 5
295 12
fi=(4)
104 11
fi=(5)
467 2382
fi=(4)
104 1191
fi=(5)
465 1191
fi=(4)
104 1191
fi=(5)
467 1191
fi=(4)
104 1191
fi=(5)
466 1191
fi=(4)
105 1191
fi=(5)
466 1191
fi=(4)
127 5
+1 2
+1 2
-1 1
fi=(5)
267 1
fi=(4)
128 1
fi=(5)
270 1
fi=(4)
128 3
fi=(5)
270 1
fi=(4)
128 4
+1 4
-1 2
fi=(5)
267 2
fi=(4)
128 2
fi=(5)
270 2
fi=(4)
128 6
fi=(5)
270 2
+18 6
+7 117
cfi=(6)
cfn=(154)
calls=3 702 
* 1621
* 12
+1 9
+4 1
-4 2
+4 3
+9 18
+85 9
fi=(4)
127 10
fi=(5)
295 75
fe=(35)

fn=(162)
340 2
-2 4
+1 4
+1 6
+2 4
+2 4
+1 6
cfi=(21)
cfn=(102)
calls=2 82 
* 10
-1 4
+7 6

fl=(28)
fn=(104)
32 3
-2 6
+2 3
+5 6
+1 9
+1 9
+3 9
+4 6
+8 6
+1 12
+2 2
+1 2
+1 2
+1 2
+1 2
+1 2
+1 2
+1 4
-9 4
+2 8
+1 8
+1 8
+1 8
+1 8
+1 8
+1 8
+1 16
-9 16
-30 4
+43 2
+3 4
+1 4
-4 1
+3 2
+1 11
+2 6
-2 6
+2 14
-2 14
-47 3
+53 3
+4 6
+8 3

fl=(6)
fn=(158) check_match.12149
132 534
+1 178
+2 178
+2 445
+10 267
+3 178
+5 89
-1 89
+1 89
-1 89
+1 89
+2 174
+19 174
+1 435
+1 87
-1 174
+1 261
cfi=(16)
cfn=(46)
calls=87 63 
* 7524
-1 174
+46 623
-73 105
cfi=(16)
cfn=(46)
calls=21 -87 
* 1519
* 63
+55 6
+2 24
-72 178

fn=(10)
847 4
+4 12
+5 4
+3 8
+2 4
-1 4
+3 12
+5 4
-4 4
+1 4
+3 4
-3 4
+7 4
-5 4
+1 4
+4 8
-7 4
+5 4
+2 12
+13 8

fn=(156) do_lookup_x
82 837
+1 93
-6 93
+5 279
-5 651
230 186
+42 93
-42 93
+4 93
-4 93
+4 93
98 93
-3 93
+1 93
+2 93
+3 93
-3 93
+3 93
-3 194
-3 194
+1 194
+2 194
+3 194
-3 194
+3 194
+4 580
+4 572
+4 572
+7 858
+4 286
+1 286
226 286
124 572
+1 572
226 286
+1 572
+4 286
+3 286
-3 572
+3 3146
+24 197
+24 394
448 1182
+1 177
-1 504
+4 796
+4 744
287 757
+17 267
+1 267
+1 89
-15 33
449 135
cfi=(26)
cfn=(86)
calls=27 301 
* 1108
-1 135
241 564
+1 188
+2 752
+10 277
-7 915
+2 178
+1 89
-1 89
+1 356
-1 267
+1 356
cfn=(158)
calls=89 132 
* 13746
+1 534
407 25
fi=(36) /home/aurel32/eglibc/eglibc-2.11.3/elf/../sysdeps/generic/dl-hash.h
65 445
fe=(6)

fn=(154)
702 279
463 93
702 372
463 93
702 651
463 465
+1 186
-1 93
+1 279
-1 279
+1 2202
-1 1101
+1 3303
-1 3489
704 93
+4 93
+4 93
-8 93
+1 186
+7 267
+5 465
+6 837
+8 8
-8 20
+2 1395
cfn=(156)
calls=93 82 
* 39911
+3 186
-5 93
+33 186
+23 267
+1 534
+35 356
+14 267
+3 267
966 89
837 89
+1 89
+1 744
-81 28
+17 8
+1 4
+54 3

fl=(29)
fn=(110) _dl_map_object_deps
149 1
+1 1
-1 2
+1 1
-1 2
+1 1
-1 1
+1 2
-1 4
+1 1
-1 1
+1 2
+16 1
-16 1
+14 1
+1 1
+1 1
+6 3
+10 1
-10 1
+10 1
-36 5
+20 1
-2 1
+19 1
-17 1
+6 1
-6 1
-2 1
+2 1
-2 1
+1 1
+1 1
+6 3
+10 1
-10 1
+10 5
+19 1
-15 1
338 2
203 1
+1 1
-18 2
338 1
201 1
338 1
204 1
338 5
208 2
+5 1
+4 2
-9 6
+5 3
+4 6
+2 2
+3 8
+2 2
+11 2
-4 2
-7 2
+6 2
+1 2
-7 2
+5 2
+3 4
+3 14
+50 4
+1 3
-51 180
+1 90
+6 10
cfi=(22)
cfn=(64)
calls=2 26 
* 59
* 6
+5 10
-3 2
+3 2
cfi=(24)
cfn=(76)
calls=2 -87 
* 4750
+2 6
+15 2
+2 4
+5 2
+6 2
+2 2
-8 4
+5 2
-2 2
+1 2
+2 2
+4 12
-59 8
+13 4
466 8
+2 6
+2 6
cfi=(14)
cfn=(36)
calls=2 96 
* 56
+2 2
-2 2
+2 2
+4 8
-1 2
+2 2
-1 4
cfi=(15)
cfn=(42)
calls=2 56 
* 41
+1 8
cfi=(15)
cfn=(42)
calls=2 56 
* 41
+3 2
+4 24
+2 4
+1 23
217 14
+1 3
-1 6
+2 14
487 4
+4 2
+3 2
+5 5
+11 4
cfi=(14)
cfn=(36)
calls=1 96 
* 28
+2 1
-2 1
+2 1
+5 2
+1 2
-1 1
+1 1
-1 1
+1 2
-1 1
+1 1
+4 12
+4 20
+4 4
-10 12
+13 2
+46 5
+2 4
+35 3
+7 1
+6 2
-6 1
+6 2
-6 2
+6 4
-6 2
+6 20
+5 10
+4 6
+1 4
-1 3
+1 4
+3 6
-1 12
-7 9
-13 12
+40 2
+10 1
-8 1
+8 1
+2 8
491 2
+1 3
288 172
616 8
cfi=(15)
cfn=(42)
calls=1 56 
* 28
+5 4

fn=(112)
62 4
+7 2
-3 2
-1 4
+1 2
-1 2
+1 8
-1 4
cfi=(19)
cfn=(84)
calls=2 2042 
* 4602
* 2
+5 4

fl=(23)
fn=(70)
52 8
+5 4
-5 4
+5 8
+4 1
-1 1
+1 1
+1 2
-1 1
+1 3
+1 2
+4 4
-10 6

fn=(72) _dl_debug_state
77 2

fl=(32)
fn=(142) _dl_allocate_tls_storage
329 1
+13 1
-13 2
+2 1
+11 2
cfi=(14)
cfn=(40)
calls=1 53 
* 50
+1 1
-1 1
+1 1
+7 1
+4 307
-58 1
+1 1
-1 1
+1 2
cfi=(14)
cfn=(32)
calls=1 111 
* 37
+1 2
+3 1
+6 2
+64 5

fn=(166) _dl_allocate_tls_init
377 7
+1 1
-1 1
+1 1
+12 1
-8 1
+8 5
+5 6
+6 10
+22 2
+1 3
+2 2
+1 1
+8 2
-8 1
+8 1
+1 1
-9 1
+9 2
+1 5
cfi=(15)
cfn=(60)
calls=1 56 
* 23
* 4
cfi=(28)
cfn=(104)
calls=1 32 
* 62
-42 4
+6 4
+3 1
+1 2
+6 1
+2 1
-2 2
+2 2
+38 1
+3 9

fn=(140) _dl_determine_tlsoffset
113 7
+6 3
+3 2
+36 3
+2 9
+3 2
+4 2
-4 4
+2 2
+2 3
+16 7
+2 4
+10 1
-37 2
+37 1
-37 3
+41 1
-1 1
+52 1
-51 4
+52 8

fn=(164) _dl_add_to_slotinfo
817 1
+9 1
-9 3
+6 2
+8 3
+42 1
-1 3
+1 2
+1 4

fn=(126)
51 1
+3 3
+48 2
+4 2

fl=(7)
fn=(56)
353 6
+3 1
-3 2
+3 1
-1 1
+1 1
+9 1
-12 4
+12 1
+10 3
+44 4
cfi=(20)
cfn=(58) access
calls=1 82 
* 11
* 3
610 9
417 1
+17 1
-17 1
+17 5
+3 2
+27 2
+8 2
+2 1
+1 1
-1 2
+1 4
+8 1
-4 2
+1 1
-1 1
+4 1
+3 2
+4 6
+1 2
+18 10
+1 3
cfi=(14)
cfn=(36)
calls=1 96 
* 28
+1 1
-1 2
+1 1
+7 2
+22 3
+3 1
-3 3
+3 1
+28 2
-7 1
+7 4
+1 1
-1 1
+1 1
-1 1
+1 1
-1 1
+1 3
-1 3
+1 3
-1 3
+1 3
-1 5
+5 2
-5 3
+5 3
+3 1
-3 1
+3 1
-3 3
+3 1
-3 1
+3 7
+2 16
-2 4
+1 12
-1 2
+1 12
-1 10
+4 4
+3 1
+2 2
-1 1
-1 2
+2 3
+13 14
+3 3
-3 3
+3 3
+3 3
+2 1
379 3
+68 4
+98 5
cfi=(15)
cfn=(60)
calls=1 56 
* 22
* 1
+1 1
-1 1
+1 2
cfi=(15)
cfn=(60)
calls=1 56 
* 22
* 3

fn=(168) _dl_sysdep_start_cleanup
251 1

fn=(12) _dl_sysdep_start
88 8
+25 1
-1 1
+1 125
+3 1
-3 1
+6 2
-2 1
-1 1
+3 1
-6 1
+6 4
+1 1
-1 7
+1 105
+3 2
-4 49
fi=(17)
-83 2
cfi=(8)
cfn=(14)
calls=1 -7 
* 11
fi=(5)
226 5
fe=(7)
+2 2
cfi=(10)
cfn=(20)
calls=1 35 
* 17
* 3
+12 3
+3 4
cfi=(2)
cfn=(22) dl_main
calls=1 890 
* 90590
+2 9
-67 1
-59 4
+34 1
-34 4
+43 1
-43 4
+40 1
-40 4
+37 1
-37 5
+13 1
-13 4
+10 1
-10 4
+7 1
-7 4
226 1
cfi=(9)
cfn=(18)
calls=1 29 
* 35
* 2

fl=(9)
fn=(18)
29 11
+1 11
+1 11
+1 11
+2 3
+1 3
+2 3
+1 3
-1 3
+1 3
+1 5
+1 5
+1 5
+2 20
+5 10
+1 10
+1 10
+1 10
+3 10
-6 3
+1 3
+1 3
+1 3
+3 3
+1 12
+1 12
+1 12
+2 12
+3 12
+1 12
+1 12
+1 12
+3 12
+1 7
+1 7
+1 7
+2 7
+3 3
+1 3
+1 3
+1 3
+3 3
+1 3
+1 3
+1 3
+2 3
+3 3
+1 3
+1 3
+1 3
+3 3
+1 3
+1 3
+1 3
+2 3
+3 10
+2 10
+1 10
+1 10
+2 10
+1 10
+1 8
+2 8
+1 8
+1 8
+2 8
+1 8
+1 7
+2 7
+2 7
+1 7
+1 6
+2 6
+1 6
+1 6
+2 6
+1 6
+1 3
+2 3
+1 3
-1 8
+1 8

fl=(52) /home/aurel32/eglibc/eglibc-2.11.3/elf/../elf/dl-runtime.c
fn=(240) _dl_fixup
73 8
+6 16
-6 8
+6 8
-6 24
+6 8
+1 8
-4 8
+3 8
-3 8
+4 8
+1 8
-1 40
+6 8
-5 8
-1 8
+6 8
+4 16
+4 24
+5 42
+1 21
+8 32
+7 16
+3 80
cfi=(6)
cfn=(154)
calls=8 702 
* 5771
* 8
+4 24
+4 32
+6 56
+16 8
-8 8
+8 24
+4 24
fi=(5)
+84 8
fe=(52)
-80 48
-56 2

fl=(37)
fn=(178) call_init
36 45
+1 5
-1 10
+1 10
+9 4
-3 8
+3 12
+5 9
+5 4
+8 4
+6 12
cob=(4)
cfi=(39)
cfn=(200)
calls=1 -18 
* 6311
cob=(2)
cfi=(13)
cfn=(180)
calls=1 -70 
* 29
+4 2
+1 4
+12 40
-35 2
-5 4

fn=(176)
93 11
+1 1
+1 1
+3 3
+7 2
+27 1
+1 4
+1 4
-1 1
+1 3
cfn=(178)
calls=1 -98 
* 33
* 12
-1 3
+1 9
cfn=(178)
calls=3 -98 
* 6409
-1 8
+7 8
-40 1
cfn=(178)
calls=1 -64 
* 73
+1 2

fl=(75)
fn=(384) _dl_sort_fini
34 10
+1 1
-1 1
+1 1
+2 1
+2 2
+7 9
-7 3
+3 15
+4 15
+1 10
-1 15
+5 20
+2 6
+1 4
-1 3
+1 4
+3 4
+23 2
-24 12
+27 9
-32 16
-12 6
+76 8

fn=(380)
121 11
+22 8
+3 2
cfi=(2)
cfn=(382) rtld_lock_default_lock_recursive
calls=1 839 
* 2
+3 1
+3 2
+2 1
-2 1
+2 1
-2 4
+13 5
+16 3
+2 8
+2 8
+2 8
+1 4
+5 4
-4 4
-2 4
-6 12
+14 2
+4 2
+2 5
+9 1
-9 1
cfn=(384)
calls=1 34 
* 177
+9 2
cfi=(2)
cfn=(386) rtld_lock_default_unlock_recursive
calls=1 845 
* 2
* 3
+6 2
+2 3
-2 6
+2 9
+3 8
+3 12
+4 2
+7 6
+4 4
+2 3
+1 4
+1 4
cob=(4)
cfi=(45)
cfn=(422)
calls=1 19 
* 6
-1 4
+5 9
+1 6
cob=(2)
cfi=(13)
cfn=(398)
calls=1 0 
* 822
cob=(2)
cfi=(13)
cfn=(388)
calls=1 0 
* 22
+5 20
-39 4
+55 4
-55 12
-71 2
+71 1
-71 1
274 5
+6 2
+7 8
-62 6
+3 4
-61 2
+3 8

fl=(20)
fn=(108)
82 12
+1 3

fn=(58)
82 12
+1 3
+1 18

fn=(96)
82 8
+1 2

fn=(94)
82 28
+1 7
+1 24

fl=(30)
fn=(118)
37 4
-1 4
+1 4
+1 24
+4 1
-4 12

fl=(12)
fn=(44)
34 20
+3 20
+2 2
+2 2
+4 6
+1 4
+1 2
+1 2
-3 3
+1 2
+1 1
+1 1
-4 2

fn=(28)
57 27
+2 3
-2 12
+2 3
cfi=(9)
cfn=(18)
calls=3 -30 
* 123
+6 3
-6 3
+7 6
+6 12
cfi=(14)
cfn=(32)
calls=3 +39 
* 117
+3 3
-3 3
+3 6
+4 3
+5 3
-6 3
+4 3
+2 3
-5 3
+3 3
+2 6
cfi=(15)
cfn=(42)
calls=3 -28 
* 88
+2 3
-2 3
+5 3
-1 3
-2 3
+3 12
+3 3
-3 3
+3 3
+9 3
-7 3
+4 3
+3 3
-46 5
+48 2
-2 2
+2 30
-2 30
+18 6
-6 3
+1 3
+5 3
-6 3
+6 12
+2 6
+3 7
+4 6
+4 12
+8 1
+6 1
-3 2
+3 4
-3 4
+3 4
+2 4
cfi=(9)
cfn=(18)
calls=2 29 
* 125
* 2
+4 2
-4 2
+4 2
+64 2
+7 27
66 30
+66 4
-39 6
218 6
-86 1
-4 1
+4 2
+24 6
cfi=(14)
cfn=(36)
calls=2 -60 
* 56
+1 2
-1 2
+1 6
+45 6
cfi=(15)
cfn=(60)
calls=2 56 
* 76
* 2
+6 80
-1 40
+1 42
-1 2
+1 2
+2 4
+3 4

fl=(25)
fn=(80)
26 3
+2 3
+1 6
+1 3
+4 3
+1 3
+1 3
+1 3
+1 3
+2 6
+2 3
+1 3
+2 6
+2 3
+4 3
+1 3

fl=(51)
fn=(238)
30 8
+2 8
+1 8
+1 8
+1 8
+1 8
+1 8
+1 8
+1 8
+1 8
+1 8
cfi=(52)
cfn=(240)
calls=8 +32 
* 6436
+1 8
+1 8
+1 8
+1 8
+1 8
+1 8
+1 8
+1 8
+1 8
+2 8

fl=(31)
fn=(120)
182 8
+8 2
+3 3
+45 2
+6 3
+15 2
-6 1
+6 1
cfi=(20)
cfn=(58)
calls=1 82 
* 11
* 1
+17 4
-23 1
+23 4
-23 1
+23 129
cfn=(124) _dl_cache_libcmp
calls=8 139 
* 663
* 35
+21 9
196 4
cfi=(26)
cfn=(122) _dl_sysdep_read_whole_file
calls=1 44 
* 68
+8 2
+1 1
-1 2
+1 3
-1 13
+8 1
-3 2
+3 3
+3 1
+1 2
-1 1
+1 1
+19 2
-17 2
-2 22
+60 14
cfn=(124)
calls=1 139 
* 81
* 31
+16 4
-16 7

fn=(124)
139 18
+1 18
+2 27
+20 36
+2 18
+4 9
+1 18
cfn=(125) _dl_cache_libcmp'2
calls=9 -30 
* 600

fn=(125)
139 72
+1 74
+2 108
+2 4
+6 2
+1 1
-1 1
+2 1
-1 2
+1 3
+2 4
+2 2
+6 140
+2 70
+4 27
+1 54
cfn=(125)
calls=27 -30 
* 1156
+3 2
+1 1
-8 32

fn=(170) _dl_unload_cache
306 1
+1 4
+2 2
cfi=(21)
cfn=(172)
calls=1 82 
* 5
+1 1
+2 2

fl=(15)
fn=(60)
56 15
+4 15
+3 15
+1 15
+2 6
+1 6
+2 6
+1 6
+5 6
+1 6
-1 9
+1 9
+2 11
+1 11
+2 11
+1 11
+5 11
+1 11
-1 4
+1 4
+2 6
+1 6
+2 6
+1 6
+5 6
+1 6
-1 9
+1 9
+2 8
+1 8
+2 8
+1 16
+5 8
+1 8
-1 7
+1 9
+5 2
+1 2
+1 2
+1 2
+2 2
+2 2
+1 2
+2 2
+6 15
+4 15
+12 1
+2 1
+1 1
+26 1
+1 1
+3 1
+1 1
+1 1
+5 1
+2 1
+1 1
+1 1
+1 1
+2 1
+1 1
+1 1
+1 1
+2 1
+1 1
+2 1
+22 1
+2 1

fn=(42)
56 13
+2 13
+2 13
+3 12
+1 12
+2 4
+1 4
+2 4
+1 4
+5 4
+1 4
-1 8
+1 8
+2 3
+1 3
+2 3
+1 6
+5 3
+1 3
-1 9
+1 9
+2 2
+1 2
+2 2
+1 2
+5 2
+1 2
-1 10
+1 10
+2 7
+1 7
+2 7
+1 7
+5 7
+1 7
-1 5
+1 9
+5 4
+1 4
+1 4
+1 4
+2 4
+2 4
+1 4
+2 4
+8 12
+8 4
+6 4
+2 4
+1 4
+3 1
+1 2
+5 1
+1 1
+2 1
+2 1
+1 1
+2 1
-8 6
+1 6
+2 6
+2 6
+1 6
+2 7
+9 1
+1 1
-1 3
+1 3
+3 4
+1 4
+1 4
+5 4
+2 4
+1 4
+1 4
+1 4
+2 4
+1 4
+1 4
+1 4
+2 4
+1 4
+2 4
+22 4
+6 4
+1 4
+2 1

fl=(33) /home/aurel32/eglibc/eglibc-2.11.3/elf/dl-version.c
fn=(136) match_symbol
82 30
+9 3
-8 3
-1 9
+1 3
+8 3
+6 9
+15 3
+1 6
+2 3
+5 6
+14 20
+12 21
+4 14
-30 14
+19 18
cfi=(16)
cfn=(46)
calls=3 -76 
* 258
* 9
+34 3
+1 21

fn=(134) _dl_check_map_versions
180 36
+15 4
-15 8
+15 8
+2 4
+3 4
-3 4
+2 4
+1 4
+2 4
-3 4
+3 4
+3 6
+4 2
-4 2
+4 2
+10 6
+7 2
62 2
226 6
62 16
+1 5
-1 10
+2 21
cfi=(26)
cfn=(86)
calls=7 301 
* 502
* 14
230 4
+4 6
+5 8
+20 2
-16 32
cfn=(136)
calls=1 82 
* 140
* 12
cfn=(136)
calls=2 82 
* 316
* 15
+11 9
+9 8
+6 4
+8 8
+3 8
+10 38
-10 76
+6 57
-6 8
+6 6
+8 8
+87 36
-81 3
-1 9
cfi=(14)
cfn=(32)
calls=3 111 
* 136
+2 3
-2 3
+2 3
+11 3
+2 3
-5 3
+3 6
+2 3
+3 10
+4 6
+18 3
-15 2
+2 3
-2 4
+2 6
+2 18
+1 9
+1 9
+1 9
+3 9
+8 6
+10 6
+3 10
+20 38
-14 19
-2 19
+2 21
-2 2
+2 2
+5 38
+1 19
-1 95
+1 19
+1 19
-1 38
+4 65

fn=(132) _dl_check_all_versions
387 5
+4 1
-4 1
+4 1
-4 1
+4 3
+1 12
-1 4
+1 4
-1 8
+5 7
-3 16
cfn=(134)
calls=4 180 
* 2164
-1 16

fl=(2)
fn=(382)
839 1
+1 1

fn=(74) do_preload
805 6
+6 1
+1 1
+5 5
-10 1
+6 1
+2 1
+2 1
cfi=(24)
cfn=(76)
calls=1 160 
* 2221
+1 2
+2 3
+12 5

fn=(82)
631 2
+2 7
cfi=(19)
cfn=(84)
calls=1 2042 
* 2152
* 1
+2 2

fn=(138) init_tls
785 1
-56 1
-4 1
-2 1
+2 1
+4 1
+60 3
-54 1
+3 4
cfi=(14)
cfn=(32)
calls=1 111 
* 37
+12 1
-12 1
+7 1
+1 1
+4 1
+2 5
+2 8
+4 1
+2 1
-2 2
-5 1
-1 2
+1 3
-1 7
+10 2
+3 1
cfi=(32)
cfn=(140)
calls=1 113 
* 70
+7 1
cfi=(32)
cfn=(142)
calls=1 329 
* 420
+1 1
-1 1
+1 1
+6 1
+4 1
-4 1
+4 6
+3 1
+2 1

fn=(386)
845 1
+1 1

fn=(2)
368 9
+18 4
fi=(5)
76 2
fe=(2)
386 1
+29 2
-3 1
fi=(3)
119 1
fe=(2)
415 1
fi=(3)
119 2
+3 1
+4 1
+5 1
+3 1
+1 1
-3 1
-5 2
-5 13
+15 13
-18 39
+18 1
-18 3
+2 36
+5 20
+1 12
+10 4
-18 13
+25 2
+20 4
+1 4
+1 4
+1 4
+2 4
+5 4
+1 4
+1 4
+6 3
+5 2
+7 3
+1 3
+8 3
+2 3
+3 2
+1 2
fe=(2)
543 3
+7 1
291 92
fi=(3)
128 4
+3 4
fe=(2)
291 1
+12 2
cfi=(6)
cfn=(10)
calls=1 847 
* 29
+1 1
+1 1
+1 1
-2 1
+3 1
-2 1
+1 1
+1 1
+21 1
+10 1
-10 3
+10 1
-6 1
-4 1
+10 1
cfi=(7)
cfn=(12)
calls=1 88 
* 91036
* 1
+9 1
+3 4
+4 1
-4 1
+4 1
575 9
-27 14
fi=(4)
76 1
-1 1
+2 1
-2 1
+2 1
+2 8
+25 2
fi=(5)
466 14
fi=(4)
105 14
fi=(5)
466 14
+1 28
fi=(4)
104 14
fi=(5)
465 14
fi=(4)
104 14
fi=(5)
467 14
fi=(4)
104 15
+5 2
+8 3
+3 1
+2 1
fi=(5)
288 3
fi=(4)
120 7
+2 7
fi=(5)
288 21
fi=(4)
120 24
fi=(5)
296 24
+4 8
-4 16
+4 24
+6 24
+1 16
fi=(4)
117 25
fi=(3)
+17 4
+1 4
fe=(2)

fn=(130)
663 2
+3 4
cfi=(33)
cfn=(132)
calls=1 387 
* 2243
-1 2
+4 2

fn=(22)
890 1
+19 1
+7 1
-26 4
+22 1
-22 2
+27 1
-27 2
+32 1
-32 2
+32 1
+3 1
-16 1
+3 1
+4 1
+1 1
+8 1
cfn=(24) process_envvars
calls=1 2504 
* 494
+7 3
1093 7
cfi=(12)
cfn=(28)
calls=1 57 
* 246
+2 1
-2 1
+2 1
+1 1
+1 1
+5 1
-4 1
+4 1
+1 1
-5 1
+4 1
cfi=(12)
cfn=(44)
calls=1 34 
* 15
+1 2
+29 1
-3 1
+3 2
-8 1
+1 1
+2 1
+5 5
+1 27
-1 32
+1 41
+91 2
+1 1
-88 3
+1 1
+49 2
+1 2
-1 8
+2 4
+1 2
+3 2
+1 2
-1 2
+1 2
+1 2
+1 6
+1 2
-43 1
-3 2
+3 1
+7 2
-10 1
+10 1
+68 2
-87 3
+1 1
+92 3
+3 2
+2 2
+2 2
+13 3
+1 7
cfi=(16)
cfn=(46)
calls=1 63 
* 7
-1 2
+8 1
+3 1
-5 1
+3 1
+2 1
+1 2
+4 2
+2 2
fi=(3)
104 1
+9 2
+6 1
-2 1
+2 2
+7 1
+5 1
+3 1
+1 1
-3 1
-5 2
-1 16
+1 9
+10 3
-18 9
+18 1
-18 3
+2 40
+8 16
+8 16
-18 48
+25 3
+38 3
+5 2
+7 2
+1 3
+16 3
+14 3
+7 2
fe=(2)
1278 2
cfi=(6)
cfn=(10)
calls=1 847 
* 29
+3 2
+20 4
fi=(3)
128 4
fe=(2)
1393 1
cfi=(17)
cfn=(50)
calls=1 67 
* 92
* 8
+5 2
cfi=(19)
cfn=(54)
calls=1 712 
* 1472
+3 3
cfi=(23)
cfn=(70)
calls=1 52 
* 18
+7 1
-7 1
+2 1
+5 1
+4 1
+3 1
-2 1
+3 1
-2 1
-2 2
+9 1
-9 1
+1 1
+8 1
+5 1
+4 1
-3 2
+3 1
+4 1
-5 1
+5 2
+1 2
+1 1
-1 2
+1 3
+2 2
+1 2
+5 2
+5 4
1630 3
+3 2
+4 3
+5 2
+1 1
cfi=(23)
cfn=(72)
calls=1 77 
* 1
+4 3
+15 3
+4 4
+31 3
cfi=(20)
cfn=(58)
calls=1 82 
* 11
* 2
+77 1
+11 1
-11 3
+17 1
+1 2
-1 1
+1 2
-1 1
+1 3
cfi=(29)
cfn=(110)
calls=1 149 
* 6036
+1 1
+2 5
+3 1
-3 2
+3 1
-3 1
+3 1
-3 1
+3 1
+1 5
-1 2
+1 12
-1 7
+4 3
+1 3
+1 1
+2 2
+1 17
-1 6
fi=(3)
131 4
fe=(2)
1807 2
+13 1
-1 2
+1 1
+2 4
+5 1
-5 1
+4 2
+12 1
+2 2
+1 1
+1 1
-1 1
+1 3
+11 2
+2 3
-2 2
+1 4
+1 1
cfi=(24)
cfn=(128)
calls=1 198 
* 2283
+10 1
+1 1
-1 1
+1 1
+3 2
+3 1
cfn=(144) security_init
calls=1 852 
* 32
+2 2
2103 3
+56 2
+4 4
+48 2
+7 1
-7 1
+7 1
+3 17
+3 3
+6 2
+2 2
-2 6
+2 6
+6 12
+1 21
cfi=(35)
cfn=(148)
calls=3 158 
* 68907
+4 10
+1 2
cfi=(32)
cfn=(164)
calls=1 817 
* 20
+2 4
+2 8
+1 1
+2 7
+6 1
-6 1
+6 1
+9 4
+6 2
cfi=(32)
cfn=(166)
calls=1 377 
* 170
+4 2
+8 4
+29 1
cfi=(7)
cfn=(168)
calls=1 251 
* 1
+4 3
+20 3
cfi=(23)
cfn=(70)
calls=1 52 
* 9
+1 1
+1 1
cfi=(23)
cfn=(72)
calls=1 77 
* 1
+4 1
cfi=(31)
cfn=(170)
calls=1 306 
* 15
+5 8
-49 1
+2 1
+1 1
-3 1
+3 3
-3 1
+3 1
cfi=(35)
cfn=(148)
calls=1 158 
* 5896
+1 1
+2 10
-38 2
1838 2
1422 4
-11 4
fi=(3)
134 4
+1 4
fe=(2)
1867 1
cfn=(138)
calls=1 785 
* 594
* 2
-89 9
+4 3
+1 1
+1 2
+1 2
1673 59
cfi=(15)
cfn=(42)
calls=1 56 
* 92
* 1
+3 4
+3 3
cfi=(14)
cfn=(68)
calls=1 320 
* 909
* 3
cfi=(14)
cfn=(68)
calls=1 320 
* 9
* 6
+1 4
+3 4
cfn=(74)
calls=1 805 
* 2248
* 2
2234 1
+1 1
-3 2
1685 1
+2 12

fn=(24)
2504 1
+8 2
-8 4
+23 1
-23 4
+8 1
-8 1
+8 2
-7 1
+6 4
-6 3
+9 2
cfi=(11)
cfn=(26)
calls=1 31 
* 34
* 4
cfi=(11)
cfn=(26)
calls=2 31 
* 232
* 9
+4 6
-4 2
+4 38
+1 19
-1 57
+9 12
2676 1
-4 1
+4 1
-4 1
+4 1
+30 2
+21 8
2601 17
-53 5
+7 12
+2 2
+1 1
+45 2
+1 1

fn=(78)
799 8

fn=(144)
852 4
+2 1
fi=(34) /home/aurel32/eglibc/eglibc-2.11.3/elf/../sysdeps/unix/sysv/linux/dl-osinfo.h
68 1
+4 1
+3 2
+48 7
fe=(2)
856 1
+6 3
+2 1
fi=(34)
132 2
+11 1
fe=(2)
867 1
+2 1
+6 1
+1 5

fl=(26)
fn=(122)
44 2
+3 1
-3 4
+3 1
-3 1
+3 1
cfi=(20)
cfn=(94)
calls=1 +35 
* 5
+1 1
-1 1
+1 2
+2 4
cfi=(27)
cfn=(100)
calls=1 -13 
* 10
* 2
+2 1
+3 1
-3 1
+3 1
+13 2
cfi=(20)
cfn=(108)
calls=1 +14 
* 5
+3 7
-14 7
cfi=(21)
cfn=(62)
calls=1 +25 
* 6
* 2

fn=(86)
301 205
+1 82
cfi=(16)
cfn=(46)
calls=41 63 
* 294
* 82
+3 41
+2 82
+4 42
-4 126
+1 135
cfi=(16)
cfn=(46)
calls=45 63 
* 713
* 90
+6 3
-7 3
+7 47
-7 38
+7 114

fl=(16)
fn=(46)
63 200
+1 200
+1 200
+1 123
+1 123
+1 123
+1 123
cfn=(47) strcmp'2
calls=123 -6 
* 8936
+5 77
+1 77
+1 77
+1 77

fn=(47)
63 1244
+1 1244
+1 1244
+1 1235
+1 1235
+1 1235
+1 1235
cfn=(47)
calls=1121 -6 
* 47315
+2 114
+1 114
+2 9
+1 9
+1 9
+1 9

totals: 17452398989
